0.000000	7.400000	16.750000	26.100000	32.400002	37.400002	
7.400000	0.000000	9.350000	18.700001	25.000000	30.000000	
16.750000	9.350000	0.000000	9.350000	15.650000	20.650000	
26.100000	18.700001	9.350000	0.000000	6.300000	11.300000	
32.400002	25.000000	15.650000	6.300000	0.000000	5.000000	
37.400002	30.000000	20.650000	11.300000	5.000000	0.000000	
