0.000000	10.650000	24.000000	37.000000	46.000000	53.049999	
10.650000	0.000000	13.350000	26.350000	35.349998	42.400002	
24.000000	13.350000	0.000000	13.000000	22.000000	29.049999	
37.000000	26.350000	13.000000	0.000000	9.000000	16.049999	
46.000000	35.349998	22.000000	9.000000	0.000000	7.050000	
53.049999	42.400002	29.049999	16.049999	7.050000	0.000000	
