0.000000	35.000000	98.000000	166.000000	216.000000	283.000000	
35.000000	0.000000	63.000000	131.000000	181.000000	248.000000	
98.000000	63.000000	0.000000	68.000000	118.000000	185.000000	
166.000000	131.000000	68.000000	0.000000	50.000000	117.000000	
216.000000	181.000000	118.000000	50.000000	0.000000	67.000000	
283.000000	248.000000	185.000000	117.000000	67.000000	0.000000	
